function rates = getTDTRates
% function RATES = getTDTRates() returns the sampling rates for the TDT:
%   [6103.515625, 12207.03125, 24414.0625, 48828.125, 97656.25, 195312.5];

rates = [6103.515625, 12207.03125, 24414.0625, 48828.125, 97656.25, 195312.5];
